1500863892.9009995 0
1500863892.9392347 0
1500863892.9525635 0
1500863892.9664662 0
1500863892.9796891 0
1500863892.993083 0
1500863893.0066326 0
1500863893.0202837 0
1500863893.03392 0
1500863893.0474598 0
1500863893.06096 0
1500863893.0745015 0
1500863893.087985 0
1500863893.101379 0
1500863893.1147718 0
1500863893.1281679 0
1500863893.141553 0
1500863893.1549494 0
1500863893.1683714 0
1500863893.1817598 0
1500863893.1951704 0
1500863893.208561 0
1500863893.2219486 0
1500863893.235342 0
1500863893.2487378 0
1500863893.262133 0
1500863893.2755194 0
1500863893.289021 0
1500863893.3024056 0
1500863893.31579 0
1500863893.3291893 0
1500863893.3425736 0
1500863893.3559659 0
1500863893.369363 0
1500863893.3827806 0
1500863893.3962061 0
1500863893.4095976 0
1500863893.422987 0
1500863893.4363933 0
1500863893.4498198 0
1500863893.4632146 0
1500863893.476647 0
1500863893.4900906 0
1500863893.5034814 0
1500863893.5169098 0
1500863893.5303106 0
1500863893.5436957 0
1500863893.5570972 0
1500863893.570493 0
1500863893.5839143 0
1500863893.5973063 0
1500863893.6107032 0
1500863893.624094 0
1500863893.6374972 0
1500863893.650888 0
1500863893.6642764 0
1500863893.6776783 0
1500863893.6911008 0
1500863893.7044868 0
1500863893.7178857 0
1500863893.7312744 0
1500863893.7446635 0
1500863893.7581081 0
1500863893.771508 0
1500863893.78491 0
1500863893.7989314 0
1500863893.8124588 0
1500863893.8256435 0
1500863893.8390727 0
1500863893.8523033 0
1500863893.8656986 0
1500863893.8790977 0
1500863893.8960238 0
1500863893.9098704 0
1500863893.923875 0
1500863893.9377904 0
1500863893.951839 0
1500863893.9656847 0
1500863893.9793344 0
1500863893.9932895 0
1500863894.0068424 0
1500863894.020355 0
1500863894.0339334 0
1500863894.047475 0
1500863894.0610154 0
1500863894.0745902 0
1500863894.0881379 0
1500863894.10171 0
1500863894.1161535 0
1500863894.129722 0
1500863894.1432815 0
1500863894.1568267 0
1500863894.1704032 0
1500863894.183964 0
1500863894.1975188 0
1500863894.2110648 0
1500863894.2246492 0
1500863894.2382996 0
1500863894.2518184 0
1500863894.2654147 0
1500863894.2910893 0
1500863894.3041887 0
1500863894.317389 0
1500863894.3309171 0
1500863894.3444586 0
1500863894.3580046 0
1500863894.3715675 0
1500863894.3851137 0
1500863894.3986268 0
1500863894.4121506 0
1500863894.425686 0
1500863894.4392118 0
1500863894.4527586 0
1500863894.4663417 0
1500863894.479871 0
1500863894.4934149 0
1500863894.5069413 0
1500863894.5204687 0
1500863894.5340538 0
1500863894.5475721 0
1500863894.5611358 0
1500863894.5746613 0
1500863894.5881755 0
1500863894.6017048 0
1500863894.6152394 0
1500863894.6287177 0
1500863894.6426716 0
1500863894.6562078 0
1500863894.6818821 0
1500863894.6951017 0
1500863894.7153153 0
1500863894.7287428 0
1500863894.7479844 0
1500863894.7614946 0
1500863894.7749848 0
1500863894.7884948 0
1500863894.8020558 0
1500863894.8155477 0
1500863894.8290703 0
1500863894.842563 0
1500863894.8560784 0
1500863894.8695817 0
1500863894.8831065 0
1500863894.8993733 0
1500863894.9374695 0
1500863894.9513438 0
1500863894.9649208 0
1500863894.9787247 0
1500863894.9924061 0
1500863895.0059752 0
1500863895.0195012 0
1500863895.033022 0
1500863895.0466502 0
1500863895.060228 0
1500863895.07379 0
1500863895.0873506 0
1500863895.1009016 0
1500863895.1144314 0
1500863895.1279738 0
1500863895.1415272 0
1500863895.155059 0
1500863895.1686208 0
1500863895.1821952 0
1500863895.1957178 0
1500863895.2092676 0
1500863895.2228498 0
1500863895.2363827 0
1500863895.2500215 0
1500863895.2635448 0
1500863895.277114 0
1500863895.2906716 0
1500863895.3042145 0
1500863895.3177767 0
1500863895.3313415 0
1500863895.344891 0
1500863895.3584642 0
1500863895.3720903 0
1500863895.3856447 0
1500863895.3991983 0
1500863895.4127495 0
1500863895.4262974 0
1500863895.4398103 0
1500863895.4533894 0
1500863895.466915 0
1500863895.480458 0
1500863895.4940617 0
1500863895.507543 0
1500863895.52145 0
1500863895.534999 0
1500863895.560787 0
1500863895.5739396 0
1500863895.5941055 0
1500863895.6075535 0
1500863895.6267502 0
1500863895.6402504 0
1500863895.6537802 0
1500863895.66728 0
1500863895.6807954 0
1500863895.6943183 0
1500863895.70785 0
1500863895.724786 0
1500863895.7379937 0
1500863895.7512786 0
1500863895.7647653 0
1500863895.7782564 0
1500863895.791754 0
1500863895.8052933 0
1500863895.8187766 0
1500863895.832266 0
1500863895.845778 0
1500863895.8593085 0
1500863895.8728201 0
1500863895.8863804 0
1500863895.9028256 0
1500863895.9413223 0
1500863895.9552019 0
1500863895.968855 0
1500863895.982697 0
1500863895.9962385 0
1500863896.0098639 0
1500863896.0233545 0
1500863896.0368798 0
1500863896.0504706 0
1500863896.064026 0
1500863896.0775747 0
1500863896.0911157 0
1500863896.1046643 0
1500863896.118317 0
1500863896.1318777 0
1500863896.145423 0
1500863896.1589937 0
1500863896.172546 0
1500863896.186094 0
1500863896.199636 0
1500863896.2131662 0
1500863896.2267547 0
1500863896.2403214 0
1500863896.2538538 0
1500863896.267376 0
1500863896.280921 0
1500863896.294486 0
1500863896.3080428 0
1500863896.3215532 0
1500863896.3352013 0
1500863896.348793 0
1500863896.3623478 0
1500863896.3759353 0
1500863896.389375 0
1500863896.403325 0
1500863896.4168618 0
1500863896.4427383 0
1500863896.4558868 0
1500863896.4761012 0
1500863896.489556 0
1500863896.5087907 0
1500863896.522309 0
1500863896.535821 0
1500863896.5493355 0
1500863896.5628462 0
1500863896.5763512 0
1500863896.589891 0
1500863896.603379 0
1500863896.616899 0
1500863896.6304278 0
1500863896.6439433 0
1500863896.6574614 0
1500863896.6709862 0
1500863896.6844988 0
1500863896.698029 0
1500863896.7115204 0
1500863896.7250252 0
1500863896.738576 0
1500863896.7520745 0
1500863896.7656002 0
1500863896.7790816 0
1500863896.792569 0
1500863896.8060925 0
1500863896.8196142 0
1500863896.8331132 0
1500863896.8466244 0
1500863896.8601115 0
1500863896.87363 0
1500863896.887148 0
1500863896.903537 0
1500863896.94161 0
1500863896.9554482 0
1500863896.9690442 0
1500863896.9828846 0
1500863896.9965022 0
1500863897.0100708 0
1500863897.0236645 0
1500863897.0371888 0
1500863897.0510287 0
1500863897.0645819 0
1500863897.0784202 0
1500863897.091594 0
1500863897.104882 0
1500863897.1180046 0
1500863897.131186 0
1500863897.1445794 0
